100
4
1332
4
9583
3
616
10
1029384756
95
39685878889469496344384496953484564896935783447366473687753564478586595776357586885355547938556
3
011
92
63616630644203736502650603151654360426764040246751747647045031500137132223525427467673301666
96
484837437638835354587535863837877546838735467788474675878838367534535857448884535737863453443755
96
677677666676666766766676666776676777777777777767667677677677666666667666677667666767777766677667
100
7579892452342225695796628273227389137769764996439163823295795721198611999867777869831627935771148142
92
67674655455544745547575666474775745655446474564455574447567554644645575464744555647767747556
90
577568855767686887865656875876887585776567777875876587766656856566667868685765586758777878
3
112
92
79878989779797877888789899998889989889877798777798977987797878899979889777888989998797777998
99
435435345353355435434534455335543545343354443435355445345445354333453434334455435555554433333445434
100
4733843116061918412963490161847944224003582943706504424574361123743158304060908712604432477511079222
96
684624657267554662042426847065642830411244278231836383040830130883188474285131034872662542152456
96
666778598956568789665985676568779898558966579669597668678789655775598668998898879896858998877996
3
211
97
2511641455425521035520634223224545251122406054505402634630355141221245466026252404340416510413333
98
33051560360135244155423456355451226010101106614564441621621065053561621026006215556255042266401333
97
8342565238425555732824844633756527842648627356588384542582764764452222872365526786768287223358333
2
01
100
4146375843615988455361784146684529685346191984942811643483721164658953758913919984444264246247593978
93
448556478228851947246041552198208019705733632130429288207745867035450986998370308992418726889
91
0011201111021120102201202021120222122212112012201022210200210011220110121122200010222211111
96
177455067383326557374268043114225204074723200316527142031676665612881320815845541483410778467304
94
2222323232322233222223333323333323233333323222232222233233222323332333323223232323223332222333
98
98988899988989898888899989899889988888998899999998989989989888899998889989899889998899998889899888
100
7677767677666777776776776667667666666766677667767667677676676766666666667767766677766767676776667667
100
0000000000111111111122222222223333333333444444444444444444443333333333222222222211111111110000000000
94
1020274734550443307570046217306025041000030741435173240067422313503355553124270255057165730415
100
9999999999999999999999999999999999999999999999999999999999999999999999999999999999999999999999999999
95
14275418251735544614534335188485241823235868521533568172122152378371317363264723315653663831873
99
466737354363764755366752556446234626347224662557737364475555375622774572652254544422553522257577727
100
0987654321098765432109876543210987654321098765432109876543210987654321098765432109876543210987654321
3
001
92
57769884657767967949978778887497554574479669579745485585564969747576967646498895887445978768
96
577775676767777557657775565755557776775757677777676655655657775665565777766657667567556756566555
98
37477346474543437777637455565535676573465437745753554744757375536536343575643554747556646663764457
96
210203222202302001100032112203031313212103123310002211100011010303212233000231223311122001110221
97
8798887889979788978977997789898797887797887878898977889789997989979797887877879879999999798799797
97
3323443323433234323433244444424242432223434342342323344333422323232222443432243233242234234322342
100
7346527786335476668367273424358524228282367433662282832654828248328272558873365652252753758534426443
100
7448461754490997516530168548628553863691075445278400766542654259441159818057208263296427487642498406
91
2112221331332332222221112222123323223123231321322331331211323321121323121231312331322123321
98
42444400233430022311010322031031240122324024421222012004122122023231433404204200403002114012041210
3
110
93
632344551456021503255144513463443356563521564113434524456432143613120545462243501605060406154
96
152354636416541562545128862374524454363125421316164712667466123436672171676823484654536114542851
99
420323510155010430131416644064613442505261225425116304030425246335111252661141614314262520404355525
92
68686546746343365252577466775834567528767728326678263866584362252632666775386673388422464334
93
564424636622442545543453232223353434562363552542332353435432255552664643535564254323254444663
2
10
100
0000000000000000000000000000000000000000000000000000000000000000000000000000000000000000000000000000
90
343243342123434441124142342124324443144121134232131211342324421222232432413332313244314441
94
5355465334433434335365445546646436633433433566644344565636444555555343653536655544344654334336
7
9000555
96
848558987789475698478969947595477957558984675865994585578966885868886864964744769764585848765896
99
155251641661545421455214545441165666441254343563314121544254311632621522252125211333531122125166345
2
00
5
19091
92
11003400043322003433431352520042240140044041353033201023155141404342343144004542152052323234
100
3668871749443726471495893148768493443121251514564617577277958646625123425891136353581615588518427236
98
05233301532023326230442032331336353156044620216230635403311560561300511122246500246020524216666022
90
322235545532442343332242234442452542525353524233254325332333343432233525323234244242253445
98
32434334224234224422342244332344433232432244323442342344444344424334233434222344423224334444333232
94
1213641461112567378223117875535437655247558287778325737721782174253711124734146454754181461352
97
6335630514260234131056062011100125153641532125553111260161245015262425303231622014055262040546031
96
949497947269447743937748776636944799297937982487564366484522394228445722949552249478792584885356
93
861237892924357837425819241593426949496776892579687222484875619473834918912732858258995296149
90
225676346733526273257277353633377756275762646442652537576742225444676322256327232242734743
97
0110111220101120001120011011000220020001021001000020102221111100110011210210101111001022021220122
92
99499948477645855497584786985547699776575774667675658864789976484968876955547665649558648686
94
5332524443060561061564013626436616256220632053042336422056534615424210121664662006503231326166
98
24636646655546462642223452365456335336524346544344663236536242543236525664522245634243532345545645
94
4243242333234224223222344242322322422344333444232244333333342223323233242233422333222443443232
92
44456654546464544544554645554556665445664446644656564656565554556456465445466466565546564645
96
744433274732734634527364525774564477264445346254623642767777642363772373465327356633642445747443
98
10120100100012101222001020120010001000020211022022011021112210022022111000221100221211122122121012
90
986787697969698877969979786869797766889697976986878998797996666869668796687988786996778768
94
3747756478448487733447765574455347768673866588673848448855737346745465476678554548773336566566
95
77533635838344552442252282883824563273376432288243747433535275654743423557253276348475574334323
90
777767666766667677676767767777776676777776666766667776776667676777676666776667667677777767
15
222229888888811
95
99998999888899998899988989899889898889889989988998989999989888899998898888988989998999998999889
100
0123456789012345678901234567890123456789012345678901234567890123456789012345678901234567890123456789
92
22112221212121222222111222211121222222121122221122211121212221112211112222212112121212211212
100
6777466576444456547765557557455654775555646667666764477454744454454767776777675645744674675565467557
92
56366453544534664654554665353546466635643634634633656465665564333445434554433335666466436646
98
44445455454454444455455545554454545554554544455454555544555555555454555455554554545454444555445454
92
87444547968659457347845546763485357999389763659339539934635667948478345949934937375536755674
97
1434334131322312242111341341211412442411223411414433121133123423344322223443334421313213241422414
90
146174661371117156456267523574766712755457174533446352263216123755623617525317423113457722
94
7999788798799886768668699899777969667669987997776686888869996999678787896768977968766797896688
95
23033133003123002030122222232210000230211323221202021230311013211003132201232111022231130311122
99
777886676878886666686878788767788686786868887667677668787768678778877778678688786887668868878678687
95
67866678858768685568666857888588567578677755755555576785557677785867656687665865888858675556657
97
4656567765755577445557765575674455656545576447645474457546446545774577767454574557676445765657765
95
44434444344334333433343444444433444433343344334434333433334334444433444333433344443333443334344
